train:12000 val:1339 test:4007 :acc=0.7996006960698664 batch_size=50 epochs=200 lr=0.1 decay=0.0001 time:2267
train:12000 val:1339 test:4007 :acc=0.8080858451367495 batch_size=50 epochs=200 lr=0.1 decay=0.0001 time:2155   conv2d初始化用glorot_uniform
train:12000 val:1339 test:4007 :acc=0.7898677313509266 batch_size=50 epochs=200 lr=0.01 decay=0.0001 time:3885
